00111101111111110110011111110101
00111111101100011110111011001100
00111111111010101110010010001111
10111111100011100010101101101011
11000000001001011100110001100100
10111111111011000001001000000110
10111111001111010110001011100001
01000000000110010101001100100110
01000000011111100111110101010110
00111011000001011001011010101101
11000000110001011101001111000011
11000001001000010100101111000111
11000001000011011001001000111010
11000000100010001001100100110001
10111110011000000000111110111011
01000000101011110011111101111101
01000001001101111111101111100111
01000001001100110000011000100101
01000000110110011000010111110000
01000000000000110101101010000110
11000000100001010011110100001000
11000000111100100110000010101010
11000000101100010000001011011110
11000000000110111000100001100110
10111110110000011000111111000101
10111111000101000101001000111111
11000000000101011000001010101010
10111111010011101001010011101110
01000000000101110111110011101110
01000000001011011001001100001100
01000000000100011101010010010101
00111111101100101100110110011111
10111111110011011111011011111101
11000000100000110101111101110000
11000000100010000110101101010001
10111111111111000110011100111000
01000000001000100111000000111011
01000000101011001001100100110001
01000000010110110000001000001100
10111110001101011011110101010001
00111111000111110100110001101110
01000000101111010111100110100111
01000000111000110010000111111111
10111110111100101111001011111010
11000001000010001000110110111001
11000000111100010100101000100011
00111111101000000110010110010101
01000000111001111111110110001011
01000000011011010110111100000000
11000000001001101011100111110101
11000000101000110111100000000011
11000000110110011101000101001110
11000000111011100001111100100001
11000000100011111101011111011100
10111111101010100010001100111010
00111110101100001110000101110010
00111111010100111110010101110101
00111111001000011100110101100000
01000000011000101011000111000100
01000000111101110100001011000100
01000000111111001000000101101111
01000000110000100110110111000110
01000000010010011111110110001011
10111111101000011100010000110011
11000000001101111100100001001011
11000000001111111010010111100011
11000000010101011001011001010011
10111110001111101001100011011101
00111111101011010110110101011101
10111111111100000111100100111110
10111111010010101000000011110001
01000000010101010111110000011100
00111111111011010110110101011101
11000000000001110101100011100010
11000000100011101011111110110001
11000000101011011001000101101000
11000000011010001100110011001101
10111111010111010000010010000001
00111101000100111101000100000011
10111111010111111111010000110100
10111111110011010010100010001101
01000000001000001100011000111111
01000001000110001000110011100111
01000001000110101001010110000001
01000000000011010010010101000110
11000000100011011000110001111110
11000000101000001110101100011100
10111111100101010010100010001101
10111110001000001110111010001101
11000000010101101111111011000101
11000000010101101100110110011111
10111111011000011000001010101010
10111111000110100010010111011001
00111111100000001100011111100011
01000000011110001101000000010100
01000000010110100000110111101101
00111111100000101110111001100011
10111110011110000000100010000101
00111111100000010011011101001100
01000000010100011111011011111101
00111111101000001010000010010000
11000000001110001011110001101010
11000000000010101101100100010111
00111110010111111100001110110101
10111111001111010111111110110111
10111111110101010000000100111011
10111110001011000000101011010000
00111101111001011000010011110101
11000000010110000100011001110100
11000000101110100111101011100001
10111111111010111100110100110110
01000000010001111000000111011000
00111111111111010000011111001000
10111111100110001000110011100111
10111111010110100010110001100111
00111111111001111111001011100101
01000000100000101111011010010100
01000000100100110111100011010101
01000000011001100111000111011110
00111111110110000110111101101001
10111111010110101000001001000001
11000000000010100110101101010001
11000000000000011111010101011010
11000000001010101000010110001000
11000000001110011011110000000010
10111111010010110010011101100111
00111111110111010110001110001000
01000000000001100100110111010011
00111110010110111100111111010101
10111111110010000110010110010101
10111111110101100011000111111001
10111110111110111101101110100001
00111111110100100001001011010111
00111111100100101011100111110101
11000000010110110011100000011101
11000000100001001010011001001100
10111101101100100100001110011010
00111111011010000001011001001000
01000000000001100001010001111011
01000000101110100000110100011011
01000000100101000010110000111101
00111111101001010110000001000010
00111101011010111000100001000100
11000000001101001001101110100110
11000000001110111011011001000110
10111101110001111000001010010000
11000000010011111010100100101010
11000000101100010111110110111111
10111110101000001110000000100010
01000000001000001100011111100011
00111111110101110100111100001110
00111111101101000111000100001101
10111111100110010100011110101110
10111111100001000001001000000110
01000000100001010111011100110010
01000000100011011100110100110110
00111111101001011111001110110110
00111111110010001010101001100101
10111110000111010000011111001000
11000000100111100111000100001101
11000000111000100010111110000011
11000000110010100101100101001011
11000000000001100100000010111000
01000000100111101000110110111001
01000000111101110110101110111010
01000000100110011110010111001001
00111111100011000000101101111000
10111111110110110100101000100011
11000000000000010010010101000110
10111110010101011111000110111111
10111111111001101010111001111101
11000000100110111011101100110000
11000000000011010111101001111000
00111111111000000101101111000000
00111111101010111011100110001100
00111111111110001101111011010011
01000000011010000011110010011111
00111111010010100011011011100011
10111111100110111001100011001000
00111111111111001110000001110110
01000000010011001101000000010100
00111101111111000001000101011110
11000000001001000101111100000111
11000000100000111110010000100110
11000000100110010000111111111001
11000000010010101000000010011101
00111110101110100111010111001101
01000000010100010110101000010110
01000000001010011011111101001000
00111100110100101100010110100000
10111101111000111101011100001010
00111111110000111101000001111101
01000000000001100000011101011111
00111111111100000001101000110111
00111110001100001011011000110001
11000000010000100010110100001110
11000000010011000000010011101010
00111111010000111011000100000111
00111111110010101110010010001111
11000000010100101001000100000000
11000000101000100110101101010001
10111111111011000111111000101000
10111111110111010111110110111111
10111111000000010001110001101101
01000000111101011011011100010111
01000001001010000110001001001110
01000000100101000011000111111001
01000000000000000001101111011010
00111111100011010111011100110010
10111111101110011000010111110000
10111110101100010110111100000000
10111111110010011110111011001100
11000001000000011111011011111101
11000001000100110001101010100000
11000000100110000001011000011110
10111110110001100101101111101010
01000000100000011110010011110111
01000000011010100101001010111101
10111111100111001100100110000110
11000000000100000110000010101010
10111110111111110101000110101101
00111111101000001010000010010000
01000000010111000110100011011100
01000000000100011110111011001100
10111111011101100000110111101101
10111111111011011010100001011000
10111111001000100000001001110101
01000000011011110101010110011011
01000000110011100111010001010100
00111111010001101010100111100111
11000000100010001101111110100100
10111111101111100010000110010110
01000000000010101111100000111000
01000000010111001111011101100110
01000000000001001011111000001110
10111111110101000101110101100100
10111111110011001100110011001101
00111110111001111000110101010000
10111111110000111101110110011000
11000000010011110011110100001000
11000000010101111110011101101101
11000000100100100000001101000111
11000000010011011101011111011100
10111111001101111000000011011100
10111110010111010110111000000101
00111111111000111110110111111010
01000000001100111010000011111001
10111110000100000110101000101011
10111110101101100011100111010110
01000000100000111110010000100110
01000001000000101001000000101110
01000001000001010010011110111011
01000000000100000100100110111010
11000000110001000000001101000111
11000001000100111011010010100010
11000000111010100100101101011110
11000000001111000101101000011101
00111111111001100110011001100110
00111111100110110001111110001010
11000000001001100101111111011001
10111111101100011001011001010011
01000000000110010111110110111111
01000000011101001001011010111100
01000000101010000100001001011011
01000000101000110010011110111011
00111111101011010101011001101101
00111111001101011111010110101110
01000000100001011101010101100111
01000000100001011001000101101000
00111110111011110101001011111100
11000000010110001110101111101110
11000000111010011101100101111111
11000000111101101101010000101100
11000000011011111111100101110010
11000000000100100101100101001011
11000000100001100011100010000110
11000000101000110101000010110001
11000000100001101100010101101101
00111110100101011101000011111010
01000000110110110111110110111111
01000001000001011010001100000101
01000000100101110010111001001001
10111110101000000111001000001000
11000000101000101001000000101110
11000000011001011000101011011011
01000000100011000101101111000000
01000001000010100001100010010011
01000000101100110110010111111110
10111110000100101100011110111001
11000000011000111110001010000010
10111111100111101111000000000111
01000000000111001101011010100001
01000000010100100101100101001011
01000000011101101100000010000011
00111111110110000101100001111001
11000000011110000010010110101111
11000000101000011001000101101000
11000000010110001001001101110101
11000000100010001100111101000010
11000000100011011101001000100000
11000000100001100001110010101100
11000000011111100000010000011001
00111110000001101101110001011101
01000000001010001001010100011000
10111110101100101110000111101111
10111111110111011110100111100010
10111110000100101100001001111010
00111111110011100101001010111101
01000000011000000100101101011110
01000000010100111110110001010111
01000000000000001000100110100000
00111111110011100011111100010100
00111111000110110101110001111101
01000000001100100010000110010110
01000000111101011100000000011010
01000000101011000001000001100010
11000000001011110110100101000100
11000000111101101011001010010110
11000000111011000000000000000000
10111111010100011010011101011101
01000000110011000000000110100011
01000000100110101010101001100101
10111110101000011010110111101011
11000000000011110110011110100001
11000000100111110001000110011101
11000000111000010110010001011010
11000000010110011001111010000100
00111111111000010010011011101001
01000000001010011111011011111101
00111110010110100000011110110011
00111101100011011000011111111001
01000000011110110101000010110001
01000000100101110001001001101111
10111111010010110011100001110001
11000000101111001001101110100110
11000000101110000111010001010100
10111111111100111111000101000001
00111111111010101110000101001000
01000000010101011000000100000110
01000000100000110010101111010100
01000000001111101011010100001011
10111111110000010010001110100011
11000000010100011000101011011011
10111110100101110110010010101110
00111110111001110101011001000011
10111111011110001000110000111111
00111111010001010010001111110110
01000000010101011110010011110111
01000000010000101111000000000111
00111111110101110000001110110000
00111110101001000101110010111100
10111111110001000100100110111010
10111111010110110101110100100101
01000000001101000101000001001000
01000000000110110101111101110000
11000000000011111111010010001000
11000000001010011001011111110110
10111111001111100001011001110010
11000000000110001111110111110100
11000000001100111010001010011100
10111111110001000111010001010100
11000000001110011100010000110011
11000000000101010110101000010110
00111111001100011010000101110111
00111111000011011101111101100101
10111101000011010101011100110110
00111111001111100000100111111111
10111101101001001010010110011100
10111101111110001000000100011011
00111111100101001101000000010100
00111111100000100011000001010101
00111111110000010110000111100101
01000000001110111010100100101010
01000000001000101111010011110001
00111111001101110110111111010010
11000000000010101101111110100100
11000000100100100001011111000010
11000000001100010001000110011101
01000000000011101100000010000011
01000000101111111001011111110110
01000000110000011101111001101010
01000000001110010000001011011110
10111101111000010011011111110100
00111110001011001011001010010110
01000000010000110110100101000100
01000000100001000001110010101100
10111100100001010001101010000111
11000000100101011101111001101010
11000000100111001010010010101001
11000000101110010000110010110011
11000001001001011011001000101101
11000001010101000101011000000100
11000001001111010011011101001100
11000000101100111111011000101011
01000000011110100001010001111011
01000001000111100000111100101000
01000001000110011111001000010011
01000000111000101100000101010101
01000000101000011001010110000001
01000000101001001001010001000110
01000000101101110001010000010010
01000000100010001101011101110011
01000000011110000000010011101010
01000000010110000110100011011100
10111111111111110110110010001011
11000000110001110001110100010101
11000000010010001001101110100110
00111111111001000001100010010011
01000000010010001011010000111001
00111111000000101011111010001100
11000000100101011110011010011011
11000001000011101011111110110001
11000001000110000000010110111100
11000000110001100001110101111110
11000000000011010110010100101100
10111111110000000111110010000101
10111111100110100111101110110011
00111111111001001101110100101111
01000000100110111110000000001101
01000000111110010000110110000100
01000001000010010001111010111000
01000000010101001000101101000100
10111111101010110011110100001000
10111110100010010100011100000110
00111110110100101010000110110110
10111111000010100100111111001010
10111111001011000111000110110100
10111111101101010100001011000100
10111111110000111010100100101010
10111111101010010100010001100111
10111111110101101011101110011001
00111111110000111110110111111010
01000000100101011111000001101111
00111111111011010110110101011101
10111111100000000010011101010010
11000000000001001100101100101001
11000000101011001000001001000001
11000000110011010111101001111000
11000000011110111011010010100010
10111111111111110010000100101101
00111111110011000100100110111010
01000000101110100111010001010100
01000000110101110100011000001011
01000000110100000111110010000101
01000000100101101110010101100000
00111110100100100010110100001110
10111111111110010011110111011001
11000000000010110110001010110111
11000000010100001110111100110101
11000000011010110100111100001110
11000000100101100101111000110101
11000000101110010000111001010110
11000000000011110110010001011010
01000000001010010110001110001000
01000000100111001111101101111111
01000000111001001111111011000101
01000000101101001101110100101111
11000000001000001100001011111000
11000000110110110000101000111101
11000000001001110100000111110010
00111111101110011011011100010111
01000000000100011000000100000110
01000000000011101111010011110001
10111110110000000010100111110001
11000000011100010001111010111000
11000000011000111000110101010000
10111111101101011100110001100100
00111111100111010011100011101111
01000000100010000010001100111010
01000000010000101101111110100100
10111111010011001111101010101101
00111111000011010110011011001111
01000000010001101001010001000110
10111111000011110010101100000010
11000000100011000000111110010001
11000000001101001111000011011000
10111110010001011110100010010010
00111111101100100111000111011110
01000000001101101111000110101010
01000000010001001000100110100000
00111111101010001010001111010111
10111111110111101010101100110110
11000000011011001111110111110100
11000000010000101101111000000001
11000000000010111100110100110110
10111111010110101110011111010101
01000000001010101000011100101011
01000000010111110000010101010011
00111110100100011100100101110001
10111111000010110010000110000001
00111111001101000010010100000111
00111110111001100011001101001000
00111111010011000001000000001110
00111111100010000000110100011011
10111111001100111011100110001100
10111111110000101011001101101000
10111111110110011101011111011100
11000000011001011111001000010011
11000000100101011000111000100010
11000000011001100101100101001011
10111111011101110011111010101011
01000000011011111011000101011011
01000000111001111101001011110010
01000000101110100011001110011100
01000000000101000001100010010011
00111111010111010010111001110011
00111111011100100011100000110010
10111110111110000011001111000110
11000000010000011100000011101100
11000000001001001000011111111101
00111110100101000000001001001011
00111111111011110101110000101001
01000000010001111010011110000111
01000000010010100101000100011010
10111111001110111111010010001000
11000000011111010111110110111111
11000000100000000010110100001110
11000000101100100101011000000100
11000000111100110100100101010010
11000000101111110110001010110111
11000000000011100000000011010010
01000000000001100111001110000010
01000000110010011001011111110110
01000001000101110000011000100101
01000001001110010100101111000111
01000001000010000100100011101001
11000000000000111000000111011000
11000001001010001001011110001101
11000001000110001000110000010101
11000000100001100001110101111110
00111101101010000101000100100010
01000000001000001000000101101111
01000000001010011101111001101010
00111111110101001010110000001000
00111111100001100101001010111101
10111110000001101000000010011101
11000000000111010110010100101100
11000000010101110100101111000111
00111110001101111111001110001100
01000000110101111000011110010100
01000001001010101111100111011011
01000001000010101010011110000111
01000000010110101001110001111000
10111111101010010000011000100101
11000000110111011100111000000111
11000001010101010011111101111101
11000001010110111101101100100011
11000001000000001100010100000101
11000000011000000010111110000011
00111111110111110111100110100111
01000001000100101111100000111000
01000001001000011011001000101101
01000000101001011111100101110010
00111111110110101001001010100011
11000000010010100100100011101001
11000000111110001110110110010001
11000000100111110011000010111110
00111110010011001000100010100100
01000000001011111100010100000101
01000000110000001001000111010001
01000000111110010001111110001010
01000000100110101110110011000000
00111111010100000111000000010001
10111111011010100110100101011001
00111110000001001101010101010010
00111110111111110001001011000010
11000000010101010011011101001100
11000000110110011100100100011101
11000000101011000001100010010011
10111111101011111010000011111001
01000000000001111011001011111111
00111111110011111111001011100101
11000000000110010001100111001110
11000000001001001101100001000101
00111111100100001110001000011001
00111111111110101101101010111010
00111111000011000100011100011011
10111110001111001111000000110000
10111111000010010011001000001110
00111110100000110100000001001111
00111111111011011001111010000100
01000000011011001011111110110001
01000000101011000011001110011100
01000000001110111010101011001110
11000000001110000010100011110110
11000000101000111011100110001100
11000000010111010010000111111111
10111111100110111000111011110011
00111111011011011101010011101001
00111110001000011100100000100001
11000000010110010000110010110011
11000000100100001101000000010100
11000000010000100111010100100101
10111110011110010001101111000101
01000000101000110011010011010111
01000001000000110000001000001100
01000000100100011110010011110111
10111110000010110010011011000000
11000000000010111000001101111011
11000000100000001101100001000101
11000000001110110111101101001010
01000000010110010111110110111111
01000000111011101000011100101011
01000000011100011111011011111101
11000000001100111010000011111001
11000000101101000110001001001110
11000000000101100101001010111101
01000000010010101010110011011010
01000000010011011011000010001010
11000000000110110100010100111001
11000000101100001000001111100100
11000000010011111101001111000011
10111111010011110100011100110000
10111111011101111010111000010100
10111111100110101111100000111000
00111110110100111101000111001100
01000000000011011111000001101111
00111111111000000001000001100010
10111111100011100011100010000110
11000000011100010001000110011101
11000000001000101111100111011011
00111111111000011111100010100001
01000000011111111000000111011000
01000000011011111101111100111011
01000000010011000101110101100100
00111101111101100101111111011001
11000000010010111101101111110101
10111110010110100000110011110010
01000000101100010101100000010000
01000000110000110111010010111100
00111111110000011100101011000001
11000000010100110100000111110010
11000000011001100010110100001110
00111110110011001011010100110101
01000000010000101010101100110110
01000000000010010000001011011110
10111111110000010001011010000111
11000000111011100101101111000000
11000001001010110011011101001100
11000000111101110111010110001110
10111111111100110101001111111000
01000000011110101110111001100011
01000000110110000110010011000011
01000000100010001100000010000011
00111110111010011100011101111010
11000000000101110111000101110110
11000000100100000000001101000111
11000000000000110011001100110011
01000000011111010100111111011111
01000000111101000100011101000101
01000000111101110111010110001110
01000000001111100110100000001010
11000000011011101100100010110100
11000000010101101001111000011011
00111111100101011101001011110010
00111111110100110001110001000011
00111111100111100010111010110010
00111110111011110000000001101001
11000000011110100000101010100110
11000000110001100111000100001101
11000000100010010001011010000111
11000000001100100110001100100000
10111111001100000010010101011011
00111111111001010000111001010110
00111111101001100001111001001111
00111111101010110111111010010001
01000000100011001010001111010111
01000000101011100001110101111110
01000000000010101110111001100011
10111111101111011100010111010110
10111111111011001011110001101010
10111110011001100100011011110001
10111111000110101010100001000100
11000000001001010101111010011110
11000000001001100100110000110000
10111111101011101100001000100111
10111111101111011100010111010110
10111111110101101010111001111101
10111110001000101100001111001010
00111111110011011111101001000100
01000000000001101010100110010011
00111111111000100011011011100011
00111111100001110010111001001001
00111110101001100110001111000111
10111101110100111111011111001111
00111101010011111000001011110101
01000000000100011110100000111110
01000000100100000010100011110110
00111111001001001111000110000000
11000000110100100010100111000111
11000001000000111010110011011010
11000000100110110011000010111110
10111110110110111101011110110010
01000000100010110101100000010000
01000000101101000111101110110011
01000000010011100011100010000110
01000000001100001010110110101100
01000000010110101101010000101100
01000000000100010101100110110100
00111110101010001001011101100011
11000000000010110100110101101010
11000000000001100110010011000011
00111111101111001000011111111101
00111111100110010001110100010101
11000000000101111011011001000110
11000000001001110110101011101000
11000000001101001001000000101110
11000000100100000110110011110100
11000000011010000001001000000110
11000000001101101000111101011100
11000000010101110101010110011011
10111111110111101101010111010000
00111110111110110101100010001110
00111111111100011011101001011110
01000000001000100011110101110001
00111111111001101111100111011011
01000000001101010001100111001110
01000000100101100011010001101110
01000000001010011001100110011010
00111111010110100110100101011001
01000000000000011001001100001100
00111111111110001111110001010000
01000000001100111111001011100101
01000000101011101001101011010100
01000000100010100111000100001101
00111111100011111000101000001001
10111111101110110111010010111100
11000000101101001101011010100001
11000001000001010101111010011110
11000000111001010011110111011001
11000000101011100001111001001111
11000000010111101110011111010101
10111111101010110010100101011111
00111110100111110001010101100010
01000000001101000010010000001011
01000000001110100011101111001101
10111111000000000100001011011001
10111111000000101100101001011000
01000000001001010111010110001110
01000000010110000011111111100110
01000000010101000100110100000001
00111111110010101101111000000001
11000000011001101110100101111001
11000000101110110111101101001010
11000000001010101010000101100010
00111111100001111010111000010100
01000000011000000111001010110000
01000000011110000000101101111000
00111111111001001001111011101101
10111110000000000111100010010110
10111111011001001000101010011100
00111111010010111001011000101001
01000000101010001011001010010110
01000000101100010010000001011100
10111110000001100111011000100001
11000000001010111101111100111011
10111110110000101011111010001100
00111110101011100000010011000000
11000000000000010000001011011110
11000000100110000101111100000111
11000000100100010011011001111010
10111111011000110010011000011000
00111111110010010111111101100011
00111111011110011111011010101001
10111111111010001001001101110101
11000000110110110111011001100000
11000001000010100000101111100001
11000000010000111100110100110110
01000000010110001101000000010100
01000000110011010010101111010100
01000000110101111101100101111111
01000000011001011001011001010011
00111111011011110000110011011101
01000000000000010101010011001010
00111111110101011111101001000100
10111111011111101010000101100010
11000000000111010010011011101001
11000000010001111101101111110101
10111111100100010111111101100011
01000000011001100110111010011000
01000000101000101110101111101110
01000000010100001110001000011001
00111111101110010010011011101001
10111111010100000010000101101100
10111111101000000010110111100000
00111111010000111100110010001110
00111111000101011101000110100010
11000000000111000011001011001010
11000000110011000011011110110101
11000001000010110100000110001001
11000000100100110001010000010010
01000000001010101101000011100101
01000000100000000100110111010011
10111110100101111010100011010110
11000000011101000110010110010101
11000000000100100111000000111011
01000000011101110111010010111100
01000000111111001101100111101000
01000000110001110101101010000110
00111111111010111010111110111000
11000000011101100111111011111010
11000000110000110011010000000101
00111110001110100000010100010100
01000000110000000000000000000000
01000000001011101110100101111001
11000000010101100011101111001101
11000000110101110000010010000001
11000000110110100101100001111001
10111111111011010010100010001101
01000000100010011010100111111100
01000000110000111010011110000111
01000000100101001111001001111100
00111111101001001001000111010001
10111111101101000101011011010110
00111111001101111010100011010110
01000000001110100100000010111000
10111110100110000000000111110111
11000000010110101101111110100100
11000000001001100001110010101100
10111111010010101001000111111011
00111111100100010010101000110000
00111111111011110100100010000000
10111111001111000011111100111110
11000000011000101111111011000101
11000000010000101010000101100010
00111110011100000111100111100110
01000000010110011000010001001101
01000000001111010001010011100100
00111111010101110111011110101111
00111111000100110001101011110100
10111111111111001101100111101000
11000000110010111110011101101101
11000000100011010001101010100000
00111111000001001001100001011111
00111111000100110000111010000000
10111111001011011000001001010110
10111111010010101110111001100011
10111111000110010001001111101000
01000000010000111010010001000000
01000000110111101010011100011110
01000000101101000000001101000111
01000000000110110101000010110001
10111110100111000100000111011101
10111111111101101000001111100100
00111111001100100111000010001111
01000000010110000000010011101010
00111111011100101111001001010010
11000000000111000111010111110111
11000000010111000100010011010000
11000000000110000001000001100010
10111111001101110111111000111101
11000000010011010010101111010100
11000001000001010100110010011000
11000000111011011100000000011010
10111101101001000011111001010011
01000000110101111001001100001100
01000001000011111110111011001100
01000000110011101001010100011000
00111111110010010100010001100111
11000000000001111100000000011010
11000000001000000011111111100110
10111111011011001110000111000110
10111111010110010101110101001111
10111111100001000110011100111000
00111110111110111001011000101001
00111110100110101011100111110101
10111111001001111110101110101111
00111101101011100101110011010101
10111111111101000000111010111111
11000000100000010010101111010100
10111111000101110011111010101011
00111111111101110100000111110010
00111111011010110001001110111110
00111111001111010000100100011000
10111111010111100011100111010110
10111111101100101000111101011100
01000000001001011001101100111101
01000000001111000000100111010101
00111100100100001011111010010100
00111111101110110010100101011111
01000000001101001110100010100111
00111111111110011110100000111110
01000000001010110011001100110011
01000000000101011000010111110000
00111111100010000011111001000010
00111110110111110011011101110110
11000000001111111101100010101110
11000000110011110001111110001010
11000000110010101110100101111001
11000000100100010010110101110111
00111101101111001110111100100100
01000000100000001101101010111010
00111111001000001101011011110101
11000000100000110110111111010010
11000000100011110101100011100010
11000000011010000010111110000011
10111111010100111110000110000111
01000000001100011000100100110111
01000000000100111111101100010110
00111111101100101010011001001100
01000000010010010101001100100110
01000000010101100000101010100110
01000000000110111011110011010011
01000000011100000110000010101010
01000000100100100010001100111010
01000000000001000001000001100010
10111110100011110001000101110011
00111111000001101000011100101011
00111111100010111101110110011000
10111111011110100011110000100001
11000000010100110001100011111100
11000000100111100001101100001001
11000000100100110111110110111111
10111111010101100111111010100110
00111111111111011010010100010010
01000000000011100110100000001010
01000000001011011100001010001111
00111111000110101100110110011111
11000000001110101101010111010000
10111111111000010001001101000000
10111111100100111010001010011100
11000000101000010111100000000011
11000000101110001110011000110010
11000000001000100011000111111001
10111101010011001111101011110000
00111111111001011101100101111111
01000000000000010011010000000101
00111111110110100111111011111010
01000000010110111000101110101100
01000000010101001100101100101001
00111111110010100010001100111010
01000000000101100101110010010010
00111111110011001000011111111101
10111111111101011110001101010100
11000000001110010000001011011110
10111111110111000010010110101111
00111111011010110100110000011011
01000000101101111100000110111110
01000000111010100110110111000110
01000000100001001001111011101101
00111111101101111001110110110010
10111101111111010011000110111010
10111111110000001110001000011001
10111111111011010110011011001111
11000000001111100100001111111110
11000000101101101001110101001001
11000000111111010111001111101011
11000001000000110111101000010000
11000000101010011011011100010111
00111110011000011001000100010101
01000000010011110110011110100001
00111111010000101011110111100100
11000000000111011110111011001100
10111111100001110101010110011011
01000000000110110000010101010011
01000000010111010010010101000110
01000000011101011111110110001011
01000000101000100101001010111101
01000000100101110100111111011111
01000000011001110101101010000110
01000000010100000111000100001101
00111111111000110001001001101111
10111111100000110001100011111100
11000000100000101111010111000011
11000000110000111001010010101111
11000000011101001001101000000010
00111111001010101100011001101001
00111111110000100000001001110101
00111111011000010000100011000100
01000000000100011011101001011110
01000000000010011111100010100001
10111111001011111011000010110100
11000000000011110011101101100100
10111111100110001101010011111110
10111111000000111000010111000110
11000000000101111011001011111111
11000000010000010000110010110011
00111111111010101011000000100001
01000000111010010110000111100101
01000000110010101100000101010101
00111110101111111101110111101100
11000000100110111000100100110111
11000000101101001011111110110001
11000000010001101010011111110000
10111111110001001000000101101111
11000000000010000111101011100001
11000000100100101101100111101000
11000001000000110011010000000101
11000000111010110001100111001110
10111111000111110110110100110011
01000000100100101000011001011001
01000000110001011000111011110011
01000000110111111101111100111011
01000000110100011001001111011110
01000000110011111100111000000111
01000000111110110000110010110011
01000000110100001110011000110010
01000000000110011101001011110010
10111111011000110001101110011011
10111111101010011100010000110011
